start=20.221000
volume=110.000000
